Rozmiar układu: 4, precyzja obliczen: double
Macierz A:
2.000000 1.000000 0.666667 0.500000 
1.000000 2.000000 1.333333 1.000000 
0.666667 1.333333 2.000000 1.500000 
0.500000 1.000000 1.500000 2.000000 
Ustalone x:
-1.000000 1.000000 1.000000 1.000000 
Wyliczone b:
0.166667 3.333333 4.166667 4.000000 
Rozwiazanie wyznaczone metoda Gaussa:
-1.000000 1.000000 1.000000 1.000000 
odległość wektorow:
6.66134e-16
Rozmiar układu: 5, precyzja obliczen: double
Macierz A:
2.000000 1.000000 0.666667 0.500000 0.400000 
1.000000 2.000000 1.333333 1.000000 0.800000 
0.666667 1.333333 2.000000 1.500000 1.200000 
0.500000 1.000000 1.500000 2.000000 1.600000 
0.400000 0.800000 1.200000 1.600000 2.000000 
Ustalone x:
-1.000000 1.000000 1.000000 1.000000 -1.000000 
Wyliczone b:
-0.233333 2.533333 2.966667 2.400000 1.200000 
Rozwiazanie wyznaczone metoda Gaussa:
-1.000000 1.000000 1.000000 1.000000 -1.000000 
odległość wektorow:
7.77156e-16
Rozmiar układu: 6, precyzja obliczen: double
Macierz A:
2.000000 1.000000 0.666667 0.500000 0.400000 0.333333 
1.000000 2.000000 1.333333 1.000000 0.800000 0.666667 
0.666667 1.333333 2.000000 1.500000 1.200000 1.000000 
0.500000 1.000000 1.500000 2.000000 1.600000 1.333333 
0.400000 0.800000 1.200000 1.600000 2.000000 1.666667 
0.333333 0.666667 1.000000 1.333333 1.666667 2.000000 
Ustalone x:
-1.000000 1.000000 1.000000 1.000000 -1.000000 1.000000 
Wyliczone b:
0.100000 3.200000 3.966667 3.733333 2.866667 3.000000 
Rozwiazanie wyznaczone metoda Gaussa:
-1.000000 1.000000 1.000000 1.000000 -1.000000 1.000000 
odległość wektorow:
1.33227e-15
Rozmiar układu: 7, precyzja obliczen: double
Macierz A:
2.000000 1.000000 0.666667 0.500000 0.400000 0.333333 0.285714 
1.000000 2.000000 1.333333 1.000000 0.800000 0.666667 0.571429 
0.666667 1.333333 2.000000 1.500000 1.200000 1.000000 0.857143 
0.500000 1.000000 1.500000 2.000000 1.600000 1.333333 1.142857 
0.400000 0.800000 1.200000 1.600000 2.000000 1.666667 1.428571 
0.333333 0.666667 1.000000 1.333333 1.666667 2.000000 1.714286 
0.285714 0.571429 0.857143 1.142857 1.428571 1.714286 2.000000 
Ustalone x:
-1.000000 1.000000 1.000000 1.000000 -1.000000 1.000000 1.000000 
Wyliczone b:
0.385714 3.771429 4.823810 4.876190 4.295238 4.714286 4.571429 
Rozwiazanie wyznaczone metoda Gaussa:
-1.000000 1.000000 1.000000 1.000000 -1.000000 1.000000 1.000000 
odległość wektorow:
1.77636e-15
Rozmiar układu: 8, precyzja obliczen: double
Macierz A:
2.000000 1.000000 0.666667 0.500000 0.400000 0.333333 0.285714 0.250000 
1.000000 2.000000 1.333333 1.000000 0.800000 0.666667 0.571429 0.500000 
0.666667 1.333333 2.000000 1.500000 1.200000 1.000000 0.857143 0.750000 
0.500000 1.000000 1.500000 2.000000 1.600000 1.333333 1.142857 1.000000 
0.400000 0.800000 1.200000 1.600000 2.000000 1.666667 1.428571 1.250000 
0.333333 0.666667 1.000000 1.333333 1.666667 2.000000 1.714286 1.500000 
0.285714 0.571429 0.857143 1.142857 1.428571 1.714286 2.000000 1.750000 
0.250000 0.500000 0.750000 1.000000 1.250000 1.500000 1.750000 2.000000 
Ustalone x:
-1.000000 1.000000 1.000000 1.000000 -1.000000 1.000000 1.000000 -1.000000 
Wyliczone b:
0.135714 3.271429 4.073810 3.876190 3.045238 3.214286 2.821429 2.000000 
Rozwiazanie wyznaczone metoda Gaussa:
-1.000000 1.000000 1.000000 1.000000 -1.000000 1.000000 1.000000 -1.000000 
odległość wektorow:
3.33067e-15
Rozmiar układu: 9, precyzja obliczen: double
Macierz A:
2.000000 1.000000 0.666667 0.500000 0.400000 0.333333 0.285714 0.250000 0.222222 
1.000000 2.000000 1.333333 1.000000 0.800000 0.666667 0.571429 0.500000 0.444444 
0.666667 1.333333 2.000000 1.500000 1.200000 1.000000 0.857143 0.750000 0.666667 
0.500000 1.000000 1.500000 2.000000 1.600000 1.333333 1.142857 1.000000 0.888889 
0.400000 0.800000 1.200000 1.600000 2.000000 1.666667 1.428571 1.250000 1.111111 
0.333333 0.666667 1.000000 1.333333 1.666667 2.000000 1.714286 1.500000 1.333333 
0.285714 0.571429 0.857143 1.142857 1.428571 1.714286 2.000000 1.750000 1.555556 
0.250000 0.500000 0.750000 1.000000 1.250000 1.500000 1.750000 2.000000 1.777778 
0.222222 0.444444 0.666667 0.888889 1.111111 1.333333 1.555556 1.777778 2.000000 
Ustalone x:
-1.000000 1.000000 1.000000 1.000000 -1.000000 1.000000 1.000000 -1.000000 1.000000 
Wyliczone b:
0.357937 3.715873 4.740476 4.765079 4.156349 4.547619 4.376984 3.777778 3.777778 
Rozwiazanie wyznaczone metoda Gaussa:
-1.000000 1.000000 1.000000 1.000000 -1.000000 1.000000 1.000000 -1.000000 1.000000 
odległość wektorow:
3.9968e-15
Rozmiar układu: 10, precyzja obliczen: double
Macierz A:
2.000000 1.000000 0.666667 0.500000 0.400000 0.333333 0.285714 0.250000 0.222222 0.200000 
1.000000 2.000000 1.333333 1.000000 0.800000 0.666667 0.571429 0.500000 0.444444 0.400000 
0.666667 1.333333 2.000000 1.500000 1.200000 1.000000 0.857143 0.750000 0.666667 0.600000 
0.500000 1.000000 1.500000 2.000000 1.600000 1.333333 1.142857 1.000000 0.888889 0.800000 
0.400000 0.800000 1.200000 1.600000 2.000000 1.666667 1.428571 1.250000 1.111111 1.000000 
0.333333 0.666667 1.000000 1.333333 1.666667 2.000000 1.714286 1.500000 1.333333 1.200000 
0.285714 0.571429 0.857143 1.142857 1.428571 1.714286 2.000000 1.750000 1.555556 1.400000 
0.250000 0.500000 0.750000 1.000000 1.250000 1.500000 1.750000 2.000000 1.777778 1.600000 
0.222222 0.444444 0.666667 0.888889 1.111111 1.333333 1.555556 1.777778 2.000000 1.800000 
0.200000 0.400000 0.600000 0.800000 1.000000 1.200000 1.400000 1.600000 1.800000 2.000000 
Ustalone x:
-1.000000 1.000000 1.000000 1.000000 -1.000000 1.000000 1.000000 -1.000000 1.000000 -1.000000 
Wyliczone b:
0.157937 3.315873 4.140476 3.965079 3.156349 3.347619 2.976984 2.177778 1.977778 1.400000 
Rozwiazanie wyznaczone metoda Gaussa:
-1.000000 1.000000 1.000000 1.000000 -1.000000 1.000000 1.000000 -1.000000 1.000000 -1.000000 
odległość wektorow:
3.10862e-15
Rozmiar układu: 11, precyzja obliczen: double
Macierz A:
2.000000 1.000000 0.666667 0.500000 0.400000 0.333333 0.285714 0.250000 0.222222 0.200000 0.181818 
1.000000 2.000000 1.333333 1.000000 0.800000 0.666667 0.571429 0.500000 0.444444 0.400000 0.363636 
0.666667 1.333333 2.000000 1.500000 1.200000 1.000000 0.857143 0.750000 0.666667 0.600000 0.545455 
0.500000 1.000000 1.500000 2.000000 1.600000 1.333333 1.142857 1.000000 0.888889 0.800000 0.727273 
0.400000 0.800000 1.200000 1.600000 2.000000 1.666667 1.428571 1.250000 1.111111 1.000000 0.909091 
0.333333 0.666667 1.000000 1.333333 1.666667 2.000000 1.714286 1.500000 1.333333 1.200000 1.090909 
0.285714 0.571429 0.857143 1.142857 1.428571 1.714286 2.000000 1.750000 1.555556 1.400000 1.272727 
0.250000 0.500000 0.750000 1.000000 1.250000 1.500000 1.750000 2.000000 1.777778 1.600000 1.454545 
0.222222 0.444444 0.666667 0.888889 1.111111 1.333333 1.555556 1.777778 2.000000 1.800000 1.636364 
0.200000 0.400000 0.600000 0.800000 1.000000 1.200000 1.400000 1.600000 1.800000 2.000000 1.818182 
0.181818 0.363636 0.545455 0.727273 0.909091 1.090909 1.272727 1.454545 1.636364 1.818182 2.000000 
Ustalone x:
-1.000000 1.000000 1.000000 1.000000 -1.000000 1.000000 1.000000 -1.000000 1.000000 -1.000000 1.000000 
Wyliczone b:
0.339755 3.679509 4.685931 4.692352 4.065440 4.438528 4.249711 3.632323 3.614141 3.218182 3.272727 
Rozwiazanie wyznaczone metoda Gaussa:
-1.000000 1.000000 1.000000 1.000000 -1.000000 1.000000 1.000000 -1.000000 1.000000 -1.000000 1.000000 
odległość wektorow:
3.55271e-15
Rozmiar układu: 12, precyzja obliczen: double
Macierz A:
2.000000 1.000000 0.666667 0.500000 0.400000 0.333333 0.285714 0.250000 0.222222 0.200000 0.181818 0.166667 
1.000000 2.000000 1.333333 1.000000 0.800000 0.666667 0.571429 0.500000 0.444444 0.400000 0.363636 0.333333 
0.666667 1.333333 2.000000 1.500000 1.200000 1.000000 0.857143 0.750000 0.666667 0.600000 0.545455 0.500000 
0.500000 1.000000 1.500000 2.000000 1.600000 1.333333 1.142857 1.000000 0.888889 0.800000 0.727273 0.666667 
0.400000 0.800000 1.200000 1.600000 2.000000 1.666667 1.428571 1.250000 1.111111 1.000000 0.909091 0.833333 
0.333333 0.666667 1.000000 1.333333 1.666667 2.000000 1.714286 1.500000 1.333333 1.200000 1.090909 1.000000 
0.285714 0.571429 0.857143 1.142857 1.428571 1.714286 2.000000 1.750000 1.555556 1.400000 1.272727 1.166667 
0.250000 0.500000 0.750000 1.000000 1.250000 1.500000 1.750000 2.000000 1.777778 1.600000 1.454545 1.333333 
0.222222 0.444444 0.666667 0.888889 1.111111 1.333333 1.555556 1.777778 2.000000 1.800000 1.636364 1.500000 
0.200000 0.400000 0.600000 0.800000 1.000000 1.200000 1.400000 1.600000 1.800000 2.000000 1.818182 1.666667 
0.181818 0.363636 0.545455 0.727273 0.909091 1.090909 1.272727 1.454545 1.636364 1.818182 2.000000 1.833333 
0.166667 0.333333 0.500000 0.666667 0.833333 1.000000 1.166667 1.333333 1.500000 1.666667 1.833333 2.000000 
Ustalone x:
-1.000000 1.000000 1.000000 1.000000 -1.000000 1.000000 1.000000 -1.000000 1.000000 -1.000000 1.000000 -1.000000 
Wyliczone b:
0.173088 3.346176 4.185931 4.025685 3.232107 3.438528 3.083045 2.298990 2.114141 1.551515 1.439394 1.000000 
Rozwiazanie wyznaczone metoda Gaussa:
-1.000000 1.000000 1.000000 1.000000 -1.000000 1.000000 1.000000 -1.000000 1.000000 -1.000000 1.000000 -1.000000 
odległość wektorow:
1.9984e-15
Rozmiar układu: 13, precyzja obliczen: double
Macierz A:
2.000000 1.000000 0.666667 0.500000 0.400000 0.333333 0.285714 0.250000 0.222222 0.200000 0.181818 0.166667 0.153846 
1.000000 2.000000 1.333333 1.000000 0.800000 0.666667 0.571429 0.500000 0.444444 0.400000 0.363636 0.333333 0.307692 
0.666667 1.333333 2.000000 1.500000 1.200000 1.000000 0.857143 0.750000 0.666667 0.600000 0.545455 0.500000 0.461538 
0.500000 1.000000 1.500000 2.000000 1.600000 1.333333 1.142857 1.000000 0.888889 0.800000 0.727273 0.666667 0.615385 
0.400000 0.800000 1.200000 1.600000 2.000000 1.666667 1.428571 1.250000 1.111111 1.000000 0.909091 0.833333 0.769231 
0.333333 0.666667 1.000000 1.333333 1.666667 2.000000 1.714286 1.500000 1.333333 1.200000 1.090909 1.000000 0.923077 
0.285714 0.571429 0.857143 1.142857 1.428571 1.714286 2.000000 1.750000 1.555556 1.400000 1.272727 1.166667 1.076923 
0.250000 0.500000 0.750000 1.000000 1.250000 1.500000 1.750000 2.000000 1.777778 1.600000 1.454545 1.333333 1.230769 
0.222222 0.444444 0.666667 0.888889 1.111111 1.333333 1.555556 1.777778 2.000000 1.800000 1.636364 1.500000 1.384615 
0.200000 0.400000 0.600000 0.800000 1.000000 1.200000 1.400000 1.600000 1.800000 2.000000 1.818182 1.666667 1.538462 
0.181818 0.363636 0.545455 0.727273 0.909091 1.090909 1.272727 1.454545 1.636364 1.818182 2.000000 1.833333 1.692308 
0.166667 0.333333 0.500000 0.666667 0.833333 1.000000 1.166667 1.333333 1.500000 1.666667 1.833333 2.000000 1.846154 
0.153846 0.307692 0.461538 0.615385 0.769231 0.923077 1.076923 1.230769 1.384615 1.538462 1.692308 1.846154 2.000000 
Ustalone x:
-1.000000 1.000000 1.000000 1.000000 -1.000000 1.000000 1.000000 -1.000000 1.000000 -1.000000 1.000000 -1.000000 1.000000 
Wyliczone b:
0.326934 3.653868 4.647469 4.641070 4.001338 4.361605 4.159968 3.529759 3.498757 3.089977 3.131702 2.846154 2.923077 
Rozwiazanie wyznaczone metoda Gaussa:
-1.000000 1.000000 1.000000 1.000000 -1.000000 1.000000 1.000000 -1.000000 1.000000 -1.000000 1.000000 -1.000000 1.000000 

2.88658e-15
6.66134e-16
7.77156e-16
1.33227e-15
1.77636e-15
3.33067e-15
3.9968e-15
3.10862e-15
3.55271e-15
1.9984e-15
2.88658e-15

Rozmiar układu: 4, precyzja obliczen: float
Macierz A:
2.000000 1.000000 0.666667 0.500000 
1.000000 2.000000 1.333333 1.000000 
0.666667 1.333333 2.000000 1.500000 
0.500000 1.000000 1.500000 2.000000 
Ustalone x:
-1.000000 1.000000 1.000000 1.000000 
Wyliczone b:
0.166667 3.333333 4.166667 4.000000 
Rozwiazanie wyznaczone metoda Gaussa:
-1.000000 1.000000 1.000000 0.999999 
odległość wektorow:
5.36442e-07
Rozmiar układu: 5, precyzja obliczen: float
Macierz A:
2.000000 1.000000 0.666667 0.500000 0.400000 
1.000000 2.000000 1.333333 1.000000 0.800000 
0.666667 1.333333 2.000000 1.500000 1.200000 
0.500000 1.000000 1.500000 2.000000 1.600000 
0.400000 0.800000 1.200000 1.600000 2.000000 
Ustalone x:
-1.000000 1.000000 1.000000 1.000000 -1.000000 
Wyliczone b:
-0.233333 2.533334 2.966667 2.400000 1.200000 
Rozwiazanie wyznaczone metoda Gaussa:
-1.000000 1.000000 1.000000 1.000000 -1.000000 
odległość wektorow:
3.57628e-07
Rozmiar układu: 6, precyzja obliczen: float
Macierz A:
2.000000 1.000000 0.666667 0.500000 0.400000 0.333333 
1.000000 2.000000 1.333333 1.000000 0.800000 0.666667 
0.666667 1.333333 2.000000 1.500000 1.200000 1.000000 
0.500000 1.000000 1.500000 2.000000 1.600000 1.333333 
0.400000 0.800000 1.200000 1.600000 2.000000 1.666667 
0.333333 0.666667 1.000000 1.333333 1.666667 2.000000 
Ustalone x:
-1.000000 1.000000 1.000000 1.000000 -1.000000 1.000000 
Wyliczone b:
0.100000 3.200000 3.966667 3.733334 2.866667 3.000000 
Rozwiazanie wyznaczone metoda Gaussa:
-1.000000 1.000000 1.000000 1.000000 -0.999999 0.999999 
odległość wektorow:
1.01328e-06
Rozmiar układu: 7, precyzja obliczen: float
Macierz A:
2.000000 1.000000 0.666667 0.500000 0.400000 0.333333 0.285714 
1.000000 2.000000 1.333333 1.000000 0.800000 0.666667 0.571429 
0.666667 1.333333 2.000000 1.500000 1.200000 1.000000 0.857143 
0.500000 1.000000 1.500000 2.000000 1.600000 1.333333 1.142857 
0.400000 0.800000 1.200000 1.600000 2.000000 1.666667 1.428571 
0.333333 0.666667 1.000000 1.333333 1.666667 2.000000 1.714286 
0.285714 0.571429 0.857143 1.142857 1.428571 1.714286 2.000000 
Ustalone x:
-1.000000 1.000000 1.000000 1.000000 -1.000000 1.000000 1.000000 
Wyliczone b:
0.385714 3.771429 4.823810 4.876191 4.295238 4.714286 4.571429 
Rozwiazanie wyznaczone metoda Gaussa:
-1.000000 1.000000 0.999999 1.000000 -0.999999 0.999998 1.000001 
odległość wektorow:
2.14577e-06
Rozmiar układu: 8, precyzja obliczen: float
Macierz A:
2.000000 1.000000 0.666667 0.500000 0.400000 0.333333 0.285714 0.250000 
1.000000 2.000000 1.333333 1.000000 0.800000 0.666667 0.571429 0.500000 
0.666667 1.333333 2.000000 1.500000 1.200000 1.000000 0.857143 0.750000 
0.500000 1.000000 1.500000 2.000000 1.600000 1.333333 1.142857 1.000000 
0.400000 0.800000 1.200000 1.600000 2.000000 1.666667 1.428571 1.250000 
0.333333 0.666667 1.000000 1.333333 1.666667 2.000000 1.714286 1.500000 
0.285714 0.571429 0.857143 1.142857 1.428571 1.714286 2.000000 1.750000 
0.250000 0.500000 0.750000 1.000000 1.250000 1.500000 1.750000 2.000000 
Ustalone x:
-1.000000 1.000000 1.000000 1.000000 -1.000000 1.000000 1.000000 -1.000000 
Wyliczone b:
0.135714 3.271429 4.073810 3.876191 3.045238 3.214286 2.821429 2.000000 
Rozwiazanie wyznaczone metoda Gaussa:
-1.000000 1.000000 1.000000 0.999999 -0.999999 0.999998 1.000003 -1.000002 
odległość wektorow:
2.5034e-06
Rozmiar układu: 9, precyzja obliczen: float
Macierz A:
2.000000 1.000000 0.666667 0.500000 0.400000 0.333333 0.285714 0.250000 0.222222 
1.000000 2.000000 1.333333 1.000000 0.800000 0.666667 0.571429 0.500000 0.444444 
0.666667 1.333333 2.000000 1.500000 1.200000 1.000000 0.857143 0.750000 0.666667 
0.500000 1.000000 1.500000 2.000000 1.600000 1.333333 1.142857 1.000000 0.888889 
0.400000 0.800000 1.200000 1.600000 2.000000 1.666667 1.428571 1.250000 1.111111 
0.333333 0.666667 1.000000 1.333333 1.666667 2.000000 1.714286 1.500000 1.333333 
0.285714 0.571429 0.857143 1.142857 1.428571 1.714286 2.000000 1.750000 1.555556 
0.250000 0.500000 0.750000 1.000000 1.250000 1.500000 1.750000 2.000000 1.777778 
0.222222 0.444444 0.666667 0.888889 1.111111 1.333333 1.555556 1.777778 2.000000 
Ustalone x:
-1.000000 1.000000 1.000000 1.000000 -1.000000 1.000000 1.000000 -1.000000 1.000000 
Wyliczone b:
0.357937 3.715873 4.740476 4.765079 4.156350 4.547619 4.376985 3.777778 3.777778 
Rozwiazanie wyznaczone metoda Gaussa:
-1.000000 1.000000 0.999999 0.999999 -0.999998 0.999998 1.000003 -1.000001 0.999999 
odległość wektorow:
2.86102e-06
Rozmiar układu: 10, precyzja obliczen: float
Macierz A:
2.000000 1.000000 0.666667 0.500000 0.400000 0.333333 0.285714 0.250000 0.222222 0.200000 
1.000000 2.000000 1.333333 1.000000 0.800000 0.666667 0.571429 0.500000 0.444444 0.400000 
0.666667 1.333333 2.000000 1.500000 1.200000 1.000000 0.857143 0.750000 0.666667 0.600000 
0.500000 1.000000 1.500000 2.000000 1.600000 1.333333 1.142857 1.000000 0.888889 0.800000 
0.400000 0.800000 1.200000 1.600000 2.000000 1.666667 1.428571 1.250000 1.111111 1.000000 
0.333333 0.666667 1.000000 1.333333 1.666667 2.000000 1.714286 1.500000 1.333333 1.200000 
0.285714 0.571429 0.857143 1.142857 1.428571 1.714286 2.000000 1.750000 1.555556 1.400000 
0.250000 0.500000 0.750000 1.000000 1.250000 1.500000 1.750000 2.000000 1.777778 1.600000 
0.222222 0.444444 0.666667 0.888889 1.111111 1.333333 1.555556 1.777778 2.000000 1.800000 
0.200000 0.400000 0.600000 0.800000 1.000000 1.200000 1.400000 1.600000 1.800000 2.000000 
Ustalone x:
-1.000000 1.000000 1.000000 1.000000 -1.000000 1.000000 1.000000 -1.000000 1.000000 -1.000000 
Wyliczone b:
0.157937 3.315873 4.140476 3.965080 3.156350 3.347619 2.976985 2.177778 1.977778 1.400000 
Rozwiazanie wyznaczone metoda Gaussa:
-1.000000 1.000000 0.999999 1.000000 -1.000000 0.999999 1.000002 -1.000000 0.999997 -0.999998 
odległość wektorow:
3.27826e-06
Rozmiar układu: 11, precyzja obliczen: float
Macierz A:
2.000000 1.000000 0.666667 0.500000 0.400000 0.333333 0.285714 0.250000 0.222222 0.200000 0.181818 
1.000000 2.000000 1.333333 1.000000 0.800000 0.666667 0.571429 0.500000 0.444444 0.400000 0.363636 
0.666667 1.333333 2.000000 1.500000 1.200000 1.000000 0.857143 0.750000 0.666667 0.600000 0.545455 
0.500000 1.000000 1.500000 2.000000 1.600000 1.333333 1.142857 1.000000 0.888889 0.800000 0.727273 
0.400000 0.800000 1.200000 1.600000 2.000000 1.666667 1.428571 1.250000 1.111111 1.000000 0.909091 
0.333333 0.666667 1.000000 1.333333 1.666667 2.000000 1.714286 1.500000 1.333333 1.200000 1.090909 
0.285714 0.571429 0.857143 1.142857 1.428571 1.714286 2.000000 1.750000 1.555556 1.400000 1.272727 
0.250000 0.500000 0.750000 1.000000 1.250000 1.500000 1.750000 2.000000 1.777778 1.600000 1.454545 
0.222222 0.444444 0.666667 0.888889 1.111111 1.333333 1.555556 1.777778 2.000000 1.800000 1.636364 
0.200000 0.400000 0.600000 0.800000 1.000000 1.200000 1.400000 1.600000 1.800000 2.000000 1.818182 
0.181818 0.363636 0.545455 0.727273 0.909091 1.090909 1.272727 1.454545 1.636364 1.818182 2.000000 
Ustalone x:
-1.000000 1.000000 1.000000 1.000000 -1.000000 1.000000 1.000000 -1.000000 1.000000 -1.000000 1.000000 
Wyliczone b:
0.339755 3.679510 4.685931 4.692352 4.065441 4.438529 4.249712 3.632323 3.614141 3.218182 3.272727 
Rozwiazanie wyznaczone metoda Gaussa:
-1.000000 1.000000 0.999999 1.000001 -1.000000 0.999999 1.000002 -1.000001 0.999997 -0.999995 0.999998 
odległość wektorow:
4.64916e-06
Rozmiar układu: 12, precyzja obliczen: float
Macierz A:
2.000000 1.000000 0.666667 0.500000 0.400000 0.333333 0.285714 0.250000 0.222222 0.200000 0.181818 0.166667 
1.000000 2.000000 1.333333 1.000000 0.800000 0.666667 0.571429 0.500000 0.444444 0.400000 0.363636 0.333333 
0.666667 1.333333 2.000000 1.500000 1.200000 1.000000 0.857143 0.750000 0.666667 0.600000 0.545455 0.500000 
0.500000 1.000000 1.500000 2.000000 1.600000 1.333333 1.142857 1.000000 0.888889 0.800000 0.727273 0.666667 
0.400000 0.800000 1.200000 1.600000 2.000000 1.666667 1.428571 1.250000 1.111111 1.000000 0.909091 0.833333 
0.333333 0.666667 1.000000 1.333333 1.666667 2.000000 1.714286 1.500000 1.333333 1.200000 1.090909 1.000000 
0.285714 0.571429 0.857143 1.142857 1.428571 1.714286 2.000000 1.750000 1.555556 1.400000 1.272727 1.166667 
0.250000 0.500000 0.750000 1.000000 1.250000 1.500000 1.750000 2.000000 1.777778 1.600000 1.454545 1.333333 
0.222222 0.444444 0.666667 0.888889 1.111111 1.333333 1.555556 1.777778 2.000000 1.800000 1.636364 1.500000 
0.200000 0.400000 0.600000 0.800000 1.000000 1.200000 1.400000 1.600000 1.800000 2.000000 1.818182 1.666667 
0.181818 0.363636 0.545455 0.727273 0.909091 1.090909 1.272727 1.454545 1.636364 1.818182 2.000000 1.833333 
0.166667 0.333333 0.500000 0.666667 0.833333 1.000000 1.166667 1.333333 1.500000 1.666667 1.833333 2.000000 
Ustalone x:
-1.000000 1.000000 1.000000 1.000000 -1.000000 1.000000 1.000000 -1.000000 1.000000 -1.000000 1.000000 -1.000000 
Wyliczone b:
0.173088 3.346176 4.185931 4.025686 3.232107 3.438529 3.083045 2.298990 2.114141 1.551515 1.439394 1.000000 
Rozwiazanie wyznaczone metoda Gaussa:
-1.000000 1.000000 1.000000 1.000000 -1.000000 0.999999 1.000003 -1.000002 0.999998 -0.999996 0.999998 -1.000000 
odległość wektorow:
4.05312e-06
Rozmiar układu: 13, precyzja obliczen: float
Macierz A:
2.000000 1.000000 0.666667 0.500000 0.400000 0.333333 0.285714 0.250000 0.222222 0.200000 0.181818 0.166667 0.153846 
1.000000 2.000000 1.333333 1.000000 0.800000 0.666667 0.571429 0.500000 0.444444 0.400000 0.363636 0.333333 0.307692 
0.666667 1.333333 2.000000 1.500000 1.200000 1.000000 0.857143 0.750000 0.666667 0.600000 0.545455 0.500000 0.461538 
0.500000 1.000000 1.500000 2.000000 1.600000 1.333333 1.142857 1.000000 0.888889 0.800000 0.727273 0.666667 0.615385 
0.400000 0.800000 1.200000 1.600000 2.000000 1.666667 1.428571 1.250000 1.111111 1.000000 0.909091 0.833333 0.769231 
0.333333 0.666667 1.000000 1.333333 1.666667 2.000000 1.714286 1.500000 1.333333 1.200000 1.090909 1.000000 0.923077 
0.285714 0.571429 0.857143 1.142857 1.428571 1.714286 2.000000 1.750000 1.555556 1.400000 1.272727 1.166667 1.076923 
0.250000 0.500000 0.750000 1.000000 1.250000 1.500000 1.750000 2.000000 1.777778 1.600000 1.454545 1.333333 1.230769 
0.222222 0.444444 0.666667 0.888889 1.111111 1.333333 1.555556 1.777778 2.000000 1.800000 1.636364 1.500000 1.384615 
0.200000 0.400000 0.600000 0.800000 1.000000 1.200000 1.400000 1.600000 1.800000 2.000000 1.818182 1.666667 1.538462 
0.181818 0.363636 0.545455 0.727273 0.909091 1.090909 1.272727 1.454545 1.636364 1.818182 2.000000 1.833333 1.692308 
0.166667 0.333333 0.500000 0.666667 0.833333 1.000000 1.166667 1.333333 1.500000 1.666667 1.833333 2.000000 1.846154 
0.153846 0.307692 0.461538 0.615385 0.769231 0.923077 1.076923 1.230769 1.384615 1.538462 1.692308 1.846154 2.000000 
Ustalone x:
-1.000000 1.000000 1.000000 1.000000 -1.000000 1.000000 1.000000 -1.000000 1.000000 -1.000000 1.000000 -1.000000 1.000000 
Wyliczone b:
0.326934 3.653869 4.647469 4.641070 4.001338 4.361606 4.159968 3.529759 3.498757 3.089977 3.131701 2.846154 2.923077 
Rozwiazanie wyznaczone metoda Gaussa:
-1.000000 1.000000 0.999999 1.000001 -1.000000 0.999999 1.000003 -1.000003 0.999998 -0.999995 0.999998 -1.000000 1.000000 
odległość wektorow:
4.94719e-06

FLOAT
5.36442e-07
3.57628e-07
1.01328e-06
2.14577e-06
2.5034e-06
2.86102e-06
3.27826e-06
4.64916e-06
4.05312e-06
4.94719e-06
